Enter the first sentence:
> I want to become a government officer.

Enter the second sentence:
> I want to keep my parents happy.  

Sentence:
I want to become a government officer.

Embedding Vector:
[-1.32378759e-02 -4.30059582e-02 -1.26583152e-03  7.96248466e-02
 -5.21269627e-02 -4.90166284e-02 -8.04559235e-03 -2.43792105e-02
 -7.05170706e-02  9.71680731e-02 -2.68705506e-02 -8.04607645e-02
 -3.67895141e-03  7.27493269e-03 -2.89361156e-03 -4.31512743e-02
  1.84272248e-02  4.25773002e-02 -1.80163458e-02 -4.74190861e-02
  3.80233973e-02  1.86040383e-02 -1.12308376e-02 -7.07609355e-02
 -1.37861343e-02 -1.25425113e-02 -5.21587804e-02 -7.35648423e-02
 -3.20629217e-02  3.19666527e-02  1.44397523e-02 -2.25925166e-02
 -2.83789784e-02  8.06479454e-02  5.87143451e-02  3.86566371e-02
  1.20618805e-01 -7.71239586e-03  1.37217358e-01  6.94312155e-02
  5.56715615e-02 -6.01670407e-02  3.35932598e-02 -1.82458516e-02
 -5.87387308e-02  4.24108095e-03 -2.19080746e-02 -6.82689063e-03
  3.56794447e-02 -9.09754857e-02  1.04592629e-02  2.78692041e-02
 -5.07916100e-02 -2.28186287e-02  3.70132662e-02 -3.21143493e-02
  3.18439328e-03  2.66272333e-02 -5.91357388e-02  3.75633850e-03
 -1.19727641e-01  2.64595542e-02  1.11832861e-02  3.98490168e-02
  1.04559064e-02  5.74993901e-02  1.92839652e-02  2.46732645e-02
  7.61130750e-02 -1.20832533e-01 -6.65336549e-02  6.89198356e-03
 -1.01449892e-01  2.74653435e-02  2.22254153e-02 -4.65980405e-03
  9.76128876e-02  6.39924258e-02  5.12192622e-02 -2.81915236e-02
  6.75062016e-02  1.52399866e-02 -5.97177669e-02  2.99013369e-02
  2.54466645e-02 -1.83433946e-02 -4.65581417e-02  4.33342494e-02
 -1.40238563e-02  5.56016527e-02  9.59506482e-02 -1.89444236e-02
 -4.33287844e-02  5.78546487e-02 -2.33278666e-02  4.05293182e-02
 -4.08423170e-02 -4.08941396e-02 -2.69275960e-02  2.68801190e-02
 -1.13717476e-02 -9.87763405e-02 -1.81062445e-02  2.01226920e-02
 -4.82378453e-02  4.38038483e-02 -2.44265646e-02 -4.54263687e-02
 -1.11050543e-03 -3.40096913e-02  1.79175101e-03  1.90347973e-02
 -3.53349410e-02  2.92352904e-02  3.90878320e-02  4.41311114e-02
 -3.23288925e-02  6.21462949e-02  4.57560867e-02  3.15993428e-02
 -4.64948975e-02 -7.49858445e-04 -4.39915396e-02 -6.60053045e-02
  2.45568436e-02 -6.86363652e-02 -1.02835391e-02 -6.08092154e-33
 -5.31719849e-02  2.84260605e-02  6.02798052e-02  2.42901370e-02
  3.60977254e-03  4.95647779e-03  1.58390421e-02  2.09448673e-02
  3.46480422e-02  9.28450674e-02 -4.17378172e-03  4.87505682e-02
 -4.64163013e-02 -2.08699126e-02  4.38658074e-02  3.15693617e-02
 -6.84539154e-02  4.29250374e-02  2.62062787e-03  1.12058654e-01
 -2.80830916e-02 -2.06635380e-03 -6.60593063e-02 -7.08693489e-02
  9.99071524e-02  3.61215919e-02  1.59133710e-02 -8.33460987e-02
  9.76714417e-02 -1.05159869e-02  3.05883791e-02  9.62047651e-02
 -2.60195397e-02 -2.64091007e-02  5.49740866e-02 -1.01053743e-02
  2.12460347e-02 -3.57206129e-02 -2.16191988e-02 -7.97667429e-02
 -1.98640581e-02 -2.36482779e-03  5.77895455e-02 -3.13566113e-03
  2.46141432e-03 -1.84353516e-02  1.38215246e-02 -1.81684196e-02
  5.45730665e-02 -5.56429150e-03  2.31145881e-02 -4.39246856e-02
 -5.80879673e-02  2.92553427e-03  8.22806172e-03 -1.62598863e-02
  3.07232011e-02  8.20349902e-03  1.29155931e-03  1.26365116e-02
 -4.39990163e-02  2.65638418e-02 -9.01955590e-02  5.10490350e-02
 -4.11130823e-02 -4.75212485e-02 -6.66735619e-02 -8.15867726e-03
  1.04592524e-01 -6.93453103e-02 -2.12678779e-02 -4.00213860e-02
 -2.07735039e-02 -3.67150269e-02 -3.90876494e-02 -1.09427068e-02
  4.52798046e-02 -4.58334461e-02 -3.65202245e-03 -2.17094626e-02
  3.96928331e-03  3.57427672e-02  3.00853290e-02 -8.48330185e-03
  2.45596066e-01  4.85248603e-02  2.08068881e-02 -6.21600375e-02
  6.20490536e-02 -3.02476678e-02 -5.19057885e-02 -1.05955951e-01
  6.18638881e-02  7.31300414e-02 -2.19872762e-02  2.55505728e-33
  5.23255486e-03 -1.80804320e-02 -2.80265231e-02  1.42549269e-03
  3.49031501e-02  2.07933262e-02  4.69504148e-02 -3.08152009e-02
  3.27246599e-02 -1.66747011e-02  1.59974974e-02  3.57003026e-02
  6.40199110e-02  8.12897235e-02  1.73366144e-02 -3.62446010e-02
 -4.29886393e-02  4.37649302e-02 -5.53231202e-02  2.83952430e-02
  5.24638733e-03  4.72805984e-02 -1.28221409e-02  7.36743733e-02
  3.07507217e-02 -5.41113615e-02 -2.32469793e-02  5.73581143e-04
  5.99790663e-02  3.51473689e-02  4.02135290e-02  4.24952917e-02
 -1.70476779e-01 -9.74090584e-03 -1.03250518e-01 -3.50282565e-02
  2.04633679e-02 -7.36685470e-02  7.51142204e-03  7.88008571e-02
 -2.71658693e-02 -6.74296692e-02  6.83551282e-02  1.20098679e-03
 -1.08546697e-01 -4.57093269e-02  5.69701940e-02  5.45887388e-02
 -4.88931537e-02 -5.67711554e-02 -4.49889451e-02 -8.60746112e-03
 -2.61057876e-02  1.73713733e-02  3.17657404e-02 -2.28554895e-03
  3.07819843e-02 -5.20183668e-02  3.01951580e-02 -2.15845071e-02
  2.48547550e-03  1.00937881e-01 -6.22513369e-02  2.96858009e-02
 -8.52697063e-03 -1.05926543e-02 -1.07908528e-03  4.02875468e-02
 -3.34074199e-02 -4.73582372e-03  6.40598163e-02 -1.46281496e-02
  1.53517667e-02  8.54713023e-02 -8.00362900e-02 -9.55250934e-02
  2.18955409e-02  3.33457738e-02  8.09844285e-02  4.50930372e-02
 -3.59192453e-02 -2.76418328e-02 -6.07965440e-02  3.84973586e-02
 -7.62949511e-02  4.12630886e-02  3.94146256e-02 -2.65788715e-02
  7.51883462e-02 -5.65330237e-02 -7.01480210e-02 -4.29089479e-02
  5.40140718e-02 -2.59360131e-02  2.59939767e-02 -1.47135237e-08
 -4.35845517e-02 -1.24643575e-02 -8.99245217e-03 -2.11384427e-03
 -6.59802109e-02  4.96977270e-02 -1.05848484e-01 -4.77569960e-02
 -4.50736890e-03 -1.57315239e-01  3.85602005e-02  2.91226655e-02
  1.16391657e-02 -5.01945354e-02  1.51392967e-02 -1.11333830e-02
  2.65695639e-02  2.62894407e-02  5.56784347e-02  7.37406537e-02
 -9.35640186e-02 -7.96118304e-02 -7.34889880e-02  5.97996600e-02
 -5.58467917e-02  4.10174876e-02  4.03952114e-02  2.69666617e-03
  2.77454819e-04  1.27574459e-01 -1.80070885e-02 -1.76593624e-02
  1.02740116e-02 -1.55710159e-02  1.01743154e-02  2.92059826e-03
 -4.08509225e-02 -9.99978557e-02  8.20957720e-02 -9.72516537e-02
 -1.44850425e-02  9.07848626e-02  8.88320953e-02  4.03089561e-02
  2.21362468e-02  5.87462448e-02  2.18326598e-02 -3.58762853e-02
  7.28041753e-02  6.76619262e-02  6.12414666e-02 -4.12592478e-02
 -5.04705347e-02 -3.85429636e-02 -2.69300584e-03  1.28898984e-02
  2.00834521e-03  4.16528322e-02 -6.33944646e-02  4.90605459e-03
  3.35488766e-02  1.21949334e-03  2.91538369e-02 -6.48214156e-03]

Embedding Dimension:
384

Sentence:
I want to keep my parents happy.

Embedding Vector:
[ 2.88873687e-02  1.04244687e-01 -4.49153269e-03  4.57058335e-03
 -3.04905716e-02 -6.77588442e-03 -1.70215573e-02 -5.75268865e-02
 -9.65296477e-03  1.41190747e-02  9.48425904e-02  1.04199871e-02
 -2.79035866e-02 -4.92649004e-02  3.08476035e-02 -2.59204134e-02
 -1.88325718e-03  2.94849370e-02 -3.92775685e-02 -7.34796152e-02
 -2.12639924e-02 -6.79424917e-03  1.36185167e-02  1.98800098e-02
  2.24250462e-02  1.03894785e-01 -5.47947213e-02 -4.27572653e-02
  8.67036916e-03 -1.74424704e-02  8.11215565e-02 -7.14354441e-02
  3.57243754e-02  1.62895396e-02 -3.74984071e-02  8.26870184e-03
  2.51696468e-03 -5.87513447e-02  2.95509975e-02  1.26702394e-02
 -3.97439906e-03  1.56143019e-02  7.71558657e-02 -6.64436594e-02
 -4.03902680e-02 -1.43389672e-03  5.39377145e-02  8.63309018e-03
  1.00740612e-01  7.10588545e-02  7.56850839e-02  1.66666973e-02
 -1.71820838e-02 -6.02313913e-02  3.55945304e-02  2.13483963e-02
 -1.61851402e-02 -4.42375578e-02  2.60953209e-03  5.36614843e-02
 -3.44108380e-02  4.71682847e-02 -5.28728142e-02  4.45578014e-03
  4.11694217e-03 -2.01727785e-02  4.38476615e-02  1.21219836e-01
 -2.87332162e-02 -1.29521079e-02 -1.26562968e-01 -1.32623743e-02
 -6.94648596e-03  1.78981964e-02 -3.19681764e-02  4.68459446e-03
  5.90041187e-03 -1.83921494e-02  1.97462887e-02 -6.29410567e-03
 -6.80617988e-02 -3.22788842e-02 -2.54429672e-02 -4.72447462e-02
  2.25646067e-02 -3.19154710e-02  1.05981618e-01  4.96167643e-03
  2.45043002e-02  7.16615766e-02 -1.60519760e-02 -7.71875074e-03
  7.62531348e-03  2.65821442e-02 -9.58100855e-02 -3.81456055e-02
 -8.00758675e-02 -2.40721852e-02 -5.77668007e-03  3.50203402e-02
  2.00605718e-03  1.59782488e-02  3.49357836e-02  9.63698775e-02
 -8.23836178e-02 -2.12524235e-02 -5.16190492e-02  8.79043639e-02
  8.99448916e-02  2.76695900e-02 -1.10294506e-01  1.86909158e-02
  2.54704468e-02  3.01940273e-02  1.42843816e-02  7.17735803e-03
 -8.26300867e-03  7.10607544e-02  7.89176598e-02 -3.25406133e-03
 -4.02728235e-03  7.16218129e-02  4.66877185e-02 -2.36770473e-02
 -5.97105138e-02 -3.39999311e-02 -4.04232144e-02 -4.94605374e-33
 -3.05547956e-02  1.39353484e-01  3.60221826e-02  9.61029977e-02
 -3.46510261e-02  2.61733793e-02 -1.90873630e-02 -4.92860042e-02
 -1.37040496e-01  5.93172684e-02  1.39044290e-02  2.85485033e-02
 -2.18053944e-02 -5.69688827e-02  4.37130332e-02 -6.17823489e-02
 -9.30465534e-02  1.84539147e-02  4.82856296e-02  9.87425148e-02
 -8.73691812e-02 -9.64889862e-03 -3.13347429e-02 -4.37848046e-02
  5.54124787e-02 -3.58328894e-02  6.53643459e-02  6.79374952e-03
 -3.93834487e-02 -1.35663552e-02 -2.08703075e-02  3.83400358e-02
 -2.69527379e-02 -8.82610679e-02  5.54146012e-03 -4.75915186e-02
 -4.60788608e-02 -4.23922762e-02 -1.89123582e-02 -8.12059119e-02
  5.84571473e-02 -3.60735878e-02 -3.67777869e-02  8.51615444e-02
  1.33376509e-01  5.50253429e-02  5.79427704e-02 -2.44471412e-02
 -2.38735508e-02 -6.94159837e-03 -8.50474536e-02 -2.34806053e-02
 -5.71007133e-02 -8.87706131e-02 -2.55262256e-02 -4.73336428e-02
  2.68173427e-03 -1.19954515e-02 -2.00462583e-02 -5.23186326e-02
 -5.66359460e-02 -6.05704263e-02 -5.15643843e-02 -2.81754285e-02
 -1.99125558e-02  7.00294748e-02  6.77008331e-02  3.62367806e-04
  7.68347457e-02 -6.77295774e-02 -2.09330637e-02  1.94042008e-02
 -5.19087650e-02 -5.22350147e-02 -5.26896492e-02  1.82938315e-02
 -4.92424555e-02  1.50966709e-02 -2.11027972e-02 -9.78310108e-02
  9.27077010e-02  1.39046609e-02 -5.61303683e-02  3.20337191e-02
  1.50305286e-01 -3.76772918e-02  9.13067535e-03 -1.41888093e-02
 -4.04445976e-02  6.37227297e-02 -1.51324952e-02 -5.17715998e-02
  6.18293658e-02 -2.24869512e-02  1.43531174e-03  3.52223805e-33
  1.04231089e-01 -1.54911494e-02 -7.59981275e-02  3.24667320e-02
  2.42868140e-02 -2.76174545e-02 -1.59461368e-02 -2.22391766e-02
  4.51291762e-02  3.79207283e-02 -2.55647086e-04 -2.65751500e-02
  1.11497812e-01  7.66586931e-03 -4.22525220e-02 -3.78291830e-02
  8.06024969e-02  5.78353144e-02  4.20158822e-03 -4.86680530e-02
 -6.86484352e-02  1.25812232e-01 -6.73502982e-02  1.22408338e-01
  5.26329852e-04 -2.48170570e-02 -5.83822355e-02 -4.29203697e-02
 -2.87633557e-02  4.08269614e-02 -4.94670570e-02 -3.03860959e-02
 -6.92987666e-02 -3.86408754e-02  2.33005807e-02 -5.82008809e-02
 -1.32454997e-02  5.67697622e-02 -8.47220868e-02  6.11403473e-02
  6.11295365e-02 -2.66962666e-02  4.46463749e-02  5.61629385e-02
 -1.85557511e-02  6.91248402e-02  2.84963660e-02  4.06150632e-02
 -9.21885073e-02  6.77766129e-02  1.55806160e-02 -2.89901812e-02
 -9.70183464e-05 -6.52827919e-02  3.69431414e-02 -5.98771870e-02
  4.66821603e-02 -8.69415551e-02  1.34876799e-02 -9.97267943e-03
 -7.37358555e-02  6.93061203e-02 -3.35144736e-02  6.76142126e-02
 -5.46582192e-02  4.52303002e-03 -4.63349707e-02  4.66522276e-02
 -3.56383510e-02  4.14325781e-02  1.28984340e-02  9.21615772e-03
  6.02883613e-03 -6.98285829e-03 -6.42865673e-02 -2.40909010e-02
  6.74027652e-02  4.54369634e-02  1.32016316e-02  3.38787697e-02
  1.72965992e-02  5.73527180e-02  1.79326925e-02 -1.84119344e-02
 -3.31755504e-02 -7.02703297e-02 -7.79232662e-03 -3.48891988e-02
  1.90311763e-02 -1.42368656e-02 -2.95062214e-02  1.05240773e-02
  3.74700944e-03 -8.35900381e-02 -1.55952889e-02 -1.61406444e-08
  8.86022672e-02 -8.49269331e-02  2.04414949e-02  2.71734521e-02
 -8.90678763e-02  2.54130140e-02  3.12128179e-02  8.11744574e-03
 -1.83001964e-03 -7.58004002e-03  1.62449926e-02  1.98578592e-02
  5.52959740e-02 -6.13902062e-02  6.03109375e-02 -2.16846354e-03
  1.10696368e-01  7.60590658e-03  2.78762355e-02  4.77236323e-02
 -4.78941053e-02 -1.83691327e-02  5.05277403e-02  8.62230062e-02
 -8.50979537e-02  1.05912061e-02  1.29071549e-01 -2.11234689e-02
  7.89779052e-03  1.05493329e-01  1.46098072e-02 -6.06953464e-02
  7.75328428e-02 -2.60811076e-02 -2.15982217e-02 -6.08362444e-02
 -6.22472428e-02 -8.99782684e-03  8.96518007e-02  3.74083547e-03
 -2.98032574e-02  6.60755336e-02 -1.51985129e-02  3.08711156e-02
 -4.97925915e-02  9.23500657e-02  2.42416207e-02 -1.59419596e-03
  7.08735242e-05  7.49803782e-02  5.65929385e-03 -2.04041917e-02
  1.26738176e-02 -9.47031099e-03 -3.98488529e-02  4.24156301e-02
  4.69438778e-03  1.05760444e-03 -1.80913054e-03  2.64005754e-02
  7.41836950e-02  9.36396495e-02  3.43886539e-02 -1.36272714e-03]

Embedding Dimension:
384

----------------------------------------
Sentence Similarity Result
----------------------------------------

Sentence 1:
I want to become a government officer.

Sentence 2:
I want to keep my parents happy.

Cosine Similarity Score:
0.3052

Similarity Percentage:
30.52 %

Similarity Result:
Slightly Similar
----------------------------------------
